Iteration	CPUTime	PhysTime	Travels	Value	AvValue	MinValue	MaxValue	Delta	Criteria	Progress	CriteriaType	CriteriaVarType	CriteriaPercentage
1	3	0	0.0122936582	293.200196	293.200196	293.200196	293.200196	0	0	0	0	0	0	3
2	4	0	0.0245873164	293.200252	293.200224	293.200196	293.200252	2.80332633e-05	0	0	0	0	0	3
3	4	0	0.0368809745	293.20028	293.200242	293.200196	293.20028	4.67631664e-05	0	0	0	0	0	3
4	5	0	0.0491746327	293.200303	293.200258	293.200196	293.200303	6.19831541e-05	0	0	0	0	0	3
5	5	0	0.0614682909	293.200323	293.200271	293.200196	293.200323	7.49828097e-05	0	0	0	0	0	3
6	5	0	0.0737619491	293.200356	293.200285	293.200196	293.200356	8.9204266e-05	0	0	0	0	0	3
7	6	0	0.0860556072	293.200392	293.2003	293.200196	293.200392	0.000104512369	0	0	0	0	0	3
8	6	0	0.0983492654	293.200428	293.200316	293.200196	293.200428	0.000120525364	0	0	0	0	0	3
9	6	0	0.110642924	293.200463	293.200332	293.200196	293.200463	0.000136834916	0	0	0	0	0	3
10	7	0	0.122936582	293.200497	293.200349	293.200196	293.200497	0.000153287037	0	0	0	0	0	3
11	7	0	0.13523024	293.20055	293.200367	293.200196	293.20055	0.000171558604	0	0	0	0	0	3
12	8	0	0.147523898	293.200602	293.200387	293.200196	293.200602	0.000191167425	0	0	0	0	0	3
13	8	0	0.159817556	293.200654	293.200407	293.200196	293.200654	0.000211742523	0	0	0	0	0	3
14	8	0	0.172111214	293.200705	293.200429	293.200196	293.200705	0.000232999083	0	0	0	0	0	3
15	9	0	0.184404873	293.200754	293.20045	293.200196	293.200754	0.000254677107	0	0	0	0	0	3
16	9	0	0.196698531	293.200826	293.200474	293.200196	293.200826	0.000278161539	0	0	0	0	0	3
17	9	0	0.208992189	293.200894	293.200498	293.200196	293.200894	0.000302870082	0	0	0	0	0	3
18	10	0	0.221285847	293.200957	293.200524	293.200196	293.200957	0.00032832341	0	0	0	0	0	3
19	10	0	0.233579505	293.201015	293.20055	293.200196	293.201015	0.000354183757	0	0	0	0	0	3
20	11	0	0.245873164	293.201068	293.200576	293.200196	293.201068	0.000380103969	0	0	0	0	0	3
21	11	0	0.258166822	293.201141	293.200603	293.200196	293.201141	0.000407000474	0	0	0	0	0	3
22	12	0	0.27046048	293.201202	293.20063	293.200196	293.201202	0.000434249595	0	0	0	0	0	3
23	12	0	0.282754138	293.201252	293.200657	293.200196	293.201252	0.000461315545	0	0	0	0	0	3
24	12	0	0.295047796	293.201292	293.200683	293.200196	293.201292	0.000487779786	0	0	0	0	0	3
25	13	0	0.307341454	293.201321	293.200709	293.200196	293.201321	0.000513281753	0	0	0	0	0	3
26	13	0	0.319635113	293.201353	293.200734	293.200196	293.201353	0.000538051657	0	0	0	0	0	3
27	13	0	0.331928771	293.201374	293.200757	293.200196	293.201374	0.000561758921	0	0	0	0	0	3
28	14	0	0.344222429	293.201389	293.20078	293.200196	293.201389	0.00058430505	0	0	0	0	0	3
29	14	0	0.356516087	293.201395	293.200801	293.200196	293.201395	0.000605531849	0	0	0	0	0	3
30	15	0	0.368809745	293.201398	293.200821	293.200196	293.201398	0.000625428301	0	0	0	0	0	3
31	15	0	0.381103404	293.201378	293.200839	293.200196	293.201398	0.000643407722	0	0	0	0	0	3
32	16	0	0.393397062	293.201344	293.200855	293.200196	293.201398	0.000659200979	0	0	0	0	0	3
33	16	0	0.40569072	293.201297	293.200868	293.200196	293.201398	0.000672609949	0	0	0	0	0	3
34	17	0	0.417984378	293.201249	293.200879	293.200196	293.201398	0.000683820641	0	0	0	0	0	3
35	17	0	0.430278036	293.201197	293.200888	293.200196	293.201398	0.000692895189	0	0	0	0	0	3
36	17	0	0.442571694	293.201129	293.200895	293.200196	293.201398	0.000699568987	0	0	0	0	0	3
37	18	0	0.454865353	293.20107	293.2009	293.200196	293.201398	0.000704289518	0	0	0	0	0	3
38	18	0	0.467159011	293.201025	293.200903	293.200196	293.201398	0.000707581609	0	0	0	0	0	3
39	19	0	0.479452669	293.20099	293.200905	293.200196	293.201398	0.000709819515	0	0	0	0	0	3
40	19	0	0.491746327	293.200963	293.200907	293.200196	293.201398	0.000711261737	0	0	0	0	0	3
41	20	0	0.504039985	293.200932	293.200907	293.200196	293.201398	0.000711875697	0	0	0	0	0	3
42	20	0	0.516333643	293.200908	293.200925	293.200252	293.201398	0.000701222979	0	0	0	0	0	3
43	20	0	0.528627302	293.200894	293.200941	293.20028	293.201398	0.000698163726	0	0	0	0	0	3
44	21	0	0.54092096	293.200885	293.200955	293.200303	293.201398	0.000697700655	0	0	0	0	0	3
45	21	0	0.553214618	293.200877	293.200969	293.200323	293.201398	0.0006986841	0	0	0	0	0	3
46	22	0	0.565508276	293.20087	293.200983	293.200356	293.201398	0.000697806086	0	0	0	0	0	3
47	22	0	0.577801934	293.200864	293.200995	293.200392	293.201398	0.000694886224	0	0	0	0	0	3
48	23	0	0.590095593	293.200861	293.201006	293.200428	293.201398	0.000690316997	0	0	0	0	0	3
49	23	0	0.602389251	293.200862	293.201017	293.200463	293.201398	0.00068459414	0	0	0	0	0	3
50	23	0	0.614682909	293.200864	293.201027	293.200497	293.201398	0.000677926563	0	0	0	0	0	3
51	24	0	0.626976567	293.200866	293.201036	293.20055	293.201398	0.00066866188	0	0	0	0	0	3
52	24	0	0.639270225	293.200867	293.201044	293.200602	293.201398	0.000656795147	0	0	0	0	0	3
53	25	0	0.651563883	293.20087	293.20105	293.200654	293.201398	0.000642748417	0	0	0	0	0	3
54	25	0	0.663857542	293.200874	293.201055	293.200705	293.201398	0.00062684556	0	0	0	0	0	3
55	25	0	0.6761512	293.200877	293.20106	293.200754	293.201398	0.00060936784	0	0	0	0	0	3
56	26	0	0.688444858	293.200879	293.201063	293.200826	293.201398	0.000571997368	0	0	0	0	0	3
57	26	0	0.700738516	293.200883	293.201064	293.200861	293.201398	0.000536869902	0	0	0	0	0	3
58	26	0	0.713032174	293.200889	293.201064	293.200861	293.201398	0.000536869902	0	0	0	0	0	3
59	27	0	0.725325833	293.200894	293.201062	293.200861	293.201398	0.000514307683	0	0	0	0	0	3
60	27	0	0.737619491	293.2009	293.20106	293.200861	293.201398	0.00048838747	0	0	0	0	0	3
61	28	0	0.749913149	293.200906	293.201056	293.200861	293.201398	0.000461490965	0	0	0	0	0	3
62	28	0	0.762206807	293.200913	293.20105	293.200861	293.201398	0.000434241844	0	0	0	0	0	3
63	28	0	0.774500465	293.200919	293.201043	293.200861	293.201398	0.000407175894	0	0	0	0	0	3
64	29	0	0.786794123	293.200927	293.201035	293.200861	293.201398	0.000380711653	0	0	0	0	0	3
65	29	0	0.799087782	293.200935	293.201027	293.200861	293.201398	0.000355209687	0	0	0	0	0	3
66	29	0	0.81138144	293.200942	293.201017	293.200861	293.201398	0.000330439782	0	0	0	0	0	3
67	30	0	0.823675098	293.200949	293.201008	293.200861	293.201398	0.000306732518	0	0	0	0	0	3
68	30	0	0.835968756	293.200957	293.200997	293.200861	293.201398	0.000284186389	0	0	0	0	0	3
69	30	0	0.848262414	293.200964	293.200987	293.200861	293.201398	0.00026295959	0	0	0	0	0	3
70	31	0	0.860556072	293.200971	293.200977	293.200861	293.201398	0.000243063139	0	0	0	0	0	3
71	31	0	0.872849731	293.200978	293.200966	293.200861	293.201378	0.000225083717	0	0	0	0	0	3
72	32	0	0.885143389	293.200984	293.200957	293.200861	293.201344	0.000209290461	0	0	0	0	0	3
73	32	0	0.897437047	293.200989	293.200948	293.200861	293.201297	0.000195881491	0	0	0	0	0	3
74	32	0	0.909730705	293.200996	293.200941	293.200861	293.201249	0.000184670799	0	0	0	0	0	3
75	33	0	0.922024363	293.201002	293.200935	293.200861	293.201197	0.00017559625	0	0	0	0	0	3
76	33	0	0.934318022	293.201009	293.20093	293.200861	293.201129	0.000168922453	0	0	0	0	0	3
77	34	0	0.94661168	293.201014	293.200927	293.200861	293.20107	0.000164201922	0	0	0	0	0	3
78	34	0	0.958905338	293.201019	293.200926	293.200861	293.201025	0.000160909831	0	0	0	0	0	3
79	34	0	0.971198996	293.201023	293.200926	293.200861	293.201023	0.000158671925	0	0	0	0	0	3
80	35	0	0.983492654	293.201027	293.200927	293.200861	293.201027	0.000157229702	0	0	0	0	0	3
81	35	0	0.995786312	293.20103	293.200929	293.200861	293.20103	0.000156615742	0	0	0	0	0	3
82	35	0	1.00807997	293.201031	293.200931	293.200861	293.201031	0.000139235197	3.35460726e-05	0	24	0	0	3
83	36	0	1.02037363	293.201032	293.200934	293.200861	293.201032	0.000138036026	3.35460726e-05	0	24.3	0	0	3
84	36	0	1.03266729	293.201032	293.200937	293.200861	293.201032	0.000138036026	3.35460726e-05	0	24.3	0	0	3
85	37	0	1.04496095	293.201032	293.200941	293.200861	293.201032	0.000138036026	3.35460726e-05	0	24.3	0	0	3
86	37	0	1.0572546	293.201032	293.200945	293.200861	293.201032	0.000138036026	3.35460726e-05	0	24.3	0	0	3
87	37	0	1.06954826	293.201032	293.200949	293.200861	293.201032	0.000138036026	3.35460726e-05	0	24.3	0	0	3
88	38	0	1.08184192	293.201031	293.200953	293.200861	293.201032	0.000138036026	3.35460726e-05	0	24.3	0	0	3
89	38	0	1.09413558	293.201029	293.200957	293.200862	293.201032	0.000138036026	3.35460726e-05	0	24.3	0	0	3
90	39	0	1.10642924	293.201028	293.200961	293.200864	293.201032	0.000138036026	3.35460726e-05	0	24.3	0	0	3
91	39	0	1.11872289	293.201025	293.200965	293.200866	293.201032	0.000138036026	3.35460726e-05	0	24.3	0	0	3
92	39	0	1.13101655	293.201023	293.200969	293.200867	293.201032	0.000138036026	3.35460726e-05	0	24.3	0	0	3
93	40	0	1.14331021	293.201019	293.200972	293.20087	293.201032	0.000138036026	3.35460726e-05	0	24.3	0	0	3
94	40	0	1.15560387	293.201017	293.200976	293.200874	293.201032	0.000138036026	3.35460726e-05	0	24.3	0	0	3
95	41	0	1.16789753	293.201015	293.200979	293.200877	293.201032	0.000138036026	3.35460726e-05	0	24.3	0	0	3
96	41	0	1.18019119	293.201013	293.200983	293.200879	293.201032	0.000138036026	3.35460726e-05	0	24.3	0	0	3
97	42	0	1.19248484	293.201011	293.200986	293.200883	293.201032	0.000138036026	3.35460726e-05	0	24.3	0	0	3
98	42	0	1.2047785	293.201009	293.200989	293.200889	293.201032	0.000137917886	3.35460726e-05	0	24.3	0	0	3
99	42	0	1.21707216	293.201008	293.200992	293.200894	293.201032	0.000136402544	3.35460726e-05	0	24.5	0	0	3
100	43	0	1.22936582	293.201008	293.200995	293.2009	293.201032	0.000132469928	3.35460726e-05	0	25.3	0	0	3
101	44	0	1.24165948	293.201007	293.200997	293.200906	293.201032	0.000126025534	3.35460726e-05	0	26.6	0	0	3
102	44	0	1.25395313	293.201008	293.201	293.200913	293.201032	0.000119664326	3.35460726e-05	0	28	0	0	3
103	45	0	1.26624679	293.201008	293.201002	293.200919	293.201032	0.000112942777	3.35460726e-05	0	29.7	0	0	3
104	45	0	1.27854045	293.201008	293.201004	293.200927	293.201032	0.000104914145	3.35460726e-05	0	31.9	0	0	3
105	45	0	1.29083411	293.201007	293.201006	293.200935	293.201032	9.7143734e-05	3.35460726e-05	0	34.5	0	0	3
106	46	0	1.30312777	293.201009	293.201008	293.200942	293.201032	9.04229361e-05	3.35460726e-05	0	37	0	0	3
107	46	0	1.31542143	293.201008	293.20101	293.200949	293.201032	8.29192991e-05	3.35460726e-05	0	40.4	0	0	3
108	46	0	1.32771508	293.201009	293.201011	293.200957	293.201032	7.51638589e-05	3.35460726e-05	0	44.6	0	0	3
109	47	0	1.34000874	293.201008	293.201012	293.200964	293.201032	6.79132536e-05	3.35460726e-05	0	49.3	0	0	3
110	47	0	1.3523024	293.201008	293.201013	293.200971	293.201032	6.14254927e-05	3.35460726e-05	0	54.6	0	0	3
111	47	0	1.36459606	293.201008	293.201014	293.200978	293.201032	5.47743565e-05	3.35460726e-05	0	61.2	0	0	3
112	48	0	1.37688972	293.201009	293.201015	293.200984	293.201032	4.84711498e-05	3.35460726e-05	0	69.2	0	0	3
113	48	0	1.38918337	293.201009	293.201016	293.200989	293.201032	4.28681077e-05	3.35460726e-05	0	78.2	0	0	3
114	48	0	1.40147703	293.20101	293.201016	293.200996	293.201032	3.67180479e-05	3.35460726e-05	0	91.3	0	0	3
115	49	0	1.41377069	293.20101	293.201016	293.201002	293.201032	3.04849884e-05	3.35460726e-05	0	100	0	0	3
116	49	0	1.42606435	293.20101	293.201017	293.201007	293.201032	2.51362624e-05	3.35460726e-05	0	100	0	0	3
117	49	0	1.43835801	293.20101	293.201017	293.201007	293.201032	2.51362624e-05	3.35460726e-05	0	100	0	0	3
118	50	0	1.45065167	293.201011	293.201017	293.201007	293.201032	2.51362624e-05	3.35460726e-05	0	100	0	0	3
119	50	0	1.46294532	293.201012	293.201016	293.201007	293.201032	2.51362624e-05	3.35460726e-05	0	100	0	0	3
120	50	0	1.47523898	293.201011	293.201016	293.201007	293.201032	2.51362624e-05	3.35460726e-05	0	100	0	0	3
121	51	0	1.48753264	293.201011	293.201016	293.201007	293.201032	2.51362624e-05	3.35460726e-05	0	100	0	0	3
122	51	0	1.4998263	293.201012	293.201015	293.201007	293.201032	2.51362624e-05	3.35460726e-05	0	100	0	0	3
123	51	0	1.51211996	293.201013	293.201015	293.201007	293.201032	2.51362624e-05	3.35460726e-05	0	100	0	0	3
124	52	0	1.52441361	293.201013	293.201014	293.201007	293.201032	2.51362624e-05	3.35460726e-05	0	100	0	0	3
125	52	0	1.53670727	293.201012	293.201014	293.201007	293.201032	2.51362624e-05	3.35460726e-05	0	100	0	0	3
