Iteration	CPUTime	PhysTime	Travels	Value	AvValue	MinValue	MaxValue	Delta	Criteria	Progress	CriteriaType	CriteriaVarType	CriteriaPercentage
1	2	0	0.0122936582	101325.17	101325.17	101325.17	101325.17	0	0	0	0	0	0	3
2	2	0	0.0245873164	101325.042	101325.106	101325.042	101325.17	0.063946507	0	0	0	0	0	3
3	3	0	0.0368809745	101325.008	101325.073	101325.008	101325.17	0.0965002078	0	0	0	0	0	3
4	3	0	0.0491746327	101325.036	101325.064	101325.008	101325.17	0.105914282	0	0	0	0	0	3
5	3	0	0.0614682909	101325.006	101325.052	101325.006	101325.17	0.11751061	0	0	0	0	0	3
6	4	0	0.0737619491	101325.023	101325.047	101325.006	101325.17	0.12238843	0	0	0	0	0	3
7	4	0	0.0860556072	101325.012	101325.042	101325.006	101325.17	0.127517649	0	0	0	0	0	3
8	4	0	0.0983492654	101325.013	101325.039	101325.006	101325.17	0.131196022	0	0	0	0	0	3
9	5	0	0.110642924	101325.007	101325.035	101325.006	101325.17	0.134667112	0	0	0	0	0	3
10	5	0	0.122936582	101325.005	101325.032	101325.005	101325.17	0.137722916	0	0	0	0	0	3
11	6	0	0.13523024	101325.002	101325.029	101325.002	101325.17	0.140501149	0	0	0	0	0	3
12	6	0	0.147523898	101324.994	101325.026	101324.994	101325.17	0.143413579	0	0	0	0	0	3
13	6	0	0.159817556	101324.991	101325.024	101324.991	101325.17	0.146146694	0	0	0	0	0	3
14	7	0	0.172111214	101324.982	101325.021	101324.982	101325.17	0.149101921	0	0	0	0	0	3
15	7	0	0.184404873	101324.978	101325.018	101324.978	101325.17	0.151986782	0	0	0	0	0	3
16	7	0	0.196698531	101324.971	101325.015	101324.971	101325.17	0.154946587	0	0	0	0	0	3
17	8	0	0.208992189	101324.962	101325.012	101324.962	101325.17	0.158074921	0	0	0	0	0	3
18	8	0	0.221285847	101324.952	101325.008	101324.952	101325.17	0.161425014	0	0	0	0	0	3
19	8	0	0.233579505	101324.942	101325.005	101324.942	101325.17	0.164898021	0	0	0	0	0	3
20	9	0	0.245873164	101324.931	101325.001	101324.931	101325.17	0.168582407	0	0	0	0	0	3
21	9	0	0.258166822	101324.922	101324.998	101324.922	101325.17	0.172338853	0	0	0	0	0	3
22	9	0	0.27046048	101324.908	101324.993	101324.908	101325.17	0.17641385	0	0	0	0	0	3
23	10	0	0.282754138	101324.895	101324.989	101324.895	101325.17	0.180689962	0	0	0	0	0	3
24	10	0	0.295047796	101324.883	101324.985	101324.883	101325.17	0.185111075	0	0	0	0	0	3
25	10	0	0.307341454	101324.873	101324.98	101324.873	101325.17	0.189583497	0	0	0	0	0	3
26	11	0	0.319635113	101324.867	101324.976	101324.867	101325.17	0.193933509	0	0	0	0	0	3
27	11	0	0.331928771	101324.865	101324.972	101324.865	101325.17	0.198025032	0	0	0	0	0	3
28	12	0	0.344222429	101324.867	101324.968	101324.865	101325.17	0.201755753	0	0	0	0	0	3
29	12	0	0.356516087	101324.874	101324.965	101324.865	101325.17	0.205013842	0	0	0	0	0	3
30	12	0	0.368809745	101324.882	101324.962	101324.865	101325.17	0.207759564	0	0	0	0	0	3
31	13	0	0.381103404	101324.89	101324.96	101324.865	101325.17	0.210073605	0	0	0	0	0	3
32	13	0	0.393397062	101324.898	101324.958	101324.865	101325.17	0.212003304	0	0	0	0	0	3
33	14	0	0.40569072	101324.904	101324.956	101324.865	101325.17	0.213650443	0	0	0	0	0	3
34	14	0	0.417984378	101324.907	101324.955	101324.865	101325.17	0.215099607	0	0	0	0	0	3
35	15	0	0.430278036	101324.908	101324.953	101324.865	101325.17	0.216443487	0	0	0	0	0	3
36	15	0	0.442571694	101324.908	101324.952	101324.865	101325.17	0.217699615	0	0	0	0	0	3
37	15	0	0.454865353	101324.908	101324.951	101324.865	101325.17	0.218885757	0	0	0	0	0	3
38	16	0	0.467159011	101324.911	101324.95	101324.865	101325.17	0.219941597	0	0	0	0	0	3
39	16	0	0.479452669	101324.914	101324.949	101324.865	101325.17	0.220870504	0	0	0	0	0	3
40	16	0	0.491746327	101324.916	101324.948	101324.865	101325.17	0.221697441	0	0	0	0	0	3
41	17	0	0.504039985	101324.917	101324.947	101324.865	101325.17	0.22246066	0	0	0	0	0	3
42	17	0	0.516333643	101324.918	101324.941	101324.865	101325.042	0.164669109	0	0	0	0	0	3
43	18	0	0.528627302	101324.919	101324.938	101324.865	101325.036	0.135111771	0	0	0	0	0	3
44	18	0	0.54092096	101324.921	101324.936	101324.865	101325.036	0.127832454	0	0	0	0	0	3
45	18	0	0.553214618	101324.922	101324.933	101324.865	101325.023	0.119020248	0	0	0	0	0	3
46	19	0	0.565508276	101324.922	101324.931	101324.865	101325.023	0.116180806	0	0	0	0	0	3
47	19	0	0.577801934	101324.924	101324.929	101324.865	101325.013	0.113471264	0	0	0	0	0	3
48	19	0	0.590095593	101324.925	101324.927	101324.865	101325.013	0.111910297	0	0	0	0	0	3
49	20	0	0.602389251	101324.926	101324.925	101324.865	101325.007	0.110560852	0	0	0	0	0	3
50	20	0	0.614682909	101324.926	101324.923	101324.865	101325.005	0.109480947	0	0	0	0	0	3
51	20	0	0.626976567	101324.927	101324.921	101324.865	101325.002	0.108590068	0	0	0	0	0	3
52	21	0	0.639270225	101324.928	101324.919	101324.865	101324.994	0.107470949	0	0	0	0	0	3
53	21	0	0.651563883	101324.929	101324.917	101324.865	101324.991	0.106339481	0	0	0	0	0	3
54	21	0	0.663857542	101324.929	101324.916	101324.865	101324.982	0.104893041	0	0	0	0	0	3
55	22	0	0.6761512	101324.929	101324.915	101324.865	101324.978	0.103309966	0	0	0	0	0	3
56	22	0	0.688444858	101324.929	101324.913	101324.865	101324.971	0.101529309	0	0	0	0	0	3
57	22	0	0.700738516	101324.929	101324.912	101324.865	101324.962	0.0962763404	0	0	0	0	0	3
58	23	0	0.713032174	101324.929	101324.912	101324.865	101324.952	0.0860280138	0	0	0	0	0	3
59	23	0	0.725325833	101324.929	101324.911	101324.865	101324.942	0.0769924778	0	0	0	0	0	3
60	24	0	0.737619491	101324.929	101324.911	101324.865	101324.931	0.0658188736	0	0	0	0	0	3
61	24	0	0.749913149	101324.928	101324.911	101324.865	101324.929	0.0639415675	0	0	0	0	0	3
62	24	0	0.762206807	101324.928	101324.911	101324.865	101324.929	0.0639415675	0	0	0	0	0	3
63	25	0	0.774500465	101324.928	101324.911	101324.865	101324.929	0.0639415675	0	0	0	0	0	3
64	25	0	0.786794123	101324.928	101324.912	101324.865	101324.929	0.0639415675	0	0	0	0	0	3
65	25	0	0.799087782	101324.927	101324.913	101324.865	101324.929	0.0639415675	0	0	0	0	0	3
66	26	0	0.81138144	101324.926	101324.914	101324.865	101324.929	0.0639415675	0	0	0	0	0	3
67	26	0	0.823675098	101324.926	101324.916	101324.865	101324.929	0.0612000308	0	0	0	0	0	3
68	26	0	0.835968756	101324.926	101324.917	101324.867	101324.929	0.0574693094	0	0	0	0	0	3
69	27	0	0.848262414	101324.926	101324.919	101324.874	101324.929	0.0542112206	0	0	0	0	0	3
70	27	0	0.860556072	101324.927	101324.92	101324.882	101324.929	0.0469224712	0	0	0	0	0	3
71	27	0	0.872849731	101324.927	101324.921	101324.89	101324.929	0.0390317714	0	0	0	0	0	3
72	28	0	0.885143389	101324.927	101324.922	101324.898	101324.929	0.0313609262	0	0	0	0	0	3
73	28	0	0.897437047	101324.927	101324.923	101324.904	101324.929	0.0258958397	0	0	0	0	0	3
74	28	0	0.909730705	101324.927	101324.923	101324.907	101324.929	0.0224589914	0	0	0	0	0	3
75	29	0	0.922024363	101324.927	101324.924	101324.908	101324.929	0.0216723554	0	0	0	0	0	3
76	29	0	0.934318022	101324.927	101324.924	101324.908	101324.929	0.0212010633	0	0	0	0	0	3
77	29	0	0.94661168	101324.927	101324.925	101324.908	101324.929	0.0211238128	0	0	0	0	0	3
78	30	0	0.958905338	101324.927	101324.925	101324.911	101324.929	0.0185446442	0	0	0	0	0	3
79	30	0	0.971198996	101324.926	101324.926	101324.914	101324.929	0.0157058994	0	0	0	0	0	3
80	30	0	0.983492654	101324.926	101324.926	101324.916	101324.929	0.0134849681	0	0	0	0	0	3
81	31	0	0.995786312	101324.926	101324.926	101324.917	101324.929	0.0125263452	0	0	0	0	0	3
82	31	0	1.00807997	101324.926	101324.926	101324.918	101324.929	0.0118901717	0.00510744327	0	42.9	0	0	3
83	31	0	1.02037363	101324.927	101324.927	101324.919	101324.929	0.0102808241	0.00510744327	0	49.6	0	0	3
84	32	0	1.03266729	101324.927	101324.927	101324.921	101324.929	0.00866960427	0.00510744327	0	58.9	0	0	3
85	32	0	1.04496095	101324.928	101324.927	101324.922	101324.929	0.00784248677	0.00510744327	0	65.1	0	0	3
86	33	0	1.0572546	101324.929	101324.927	101324.922	101324.929	0.00700636611	0.00510744327	0	72.8	0	0	3
87	33	0	1.06954826	101324.929	101324.927	101324.924	101324.929	0.00558802526	0.00510744327	0	91.3	0	0	3
88	33	0	1.08184192	101324.93	101324.928	101324.925	101324.93	0.00564071506	0.00510744327	0	90.5	0	0	3
89	34	0	1.09413558	101324.931	101324.928	101324.926	101324.931	0.00535632306	0.00510744327	0	95.3	0	0	3
90	34	0	1.10642924	101324.932	101324.928	101324.926	101324.932	0.00591705558	0.00510744327	0	86.3	0	0	3
91	34	0	1.11872289	101324.933	101324.928	101324.926	101324.933	0.00698065502	0.00510744327	0	73.1	0	0	3
92	35	0	1.13101655	101324.934	101324.928	101324.926	101324.934	0.00766241465	0.00510744327	0	66.6	0	0	3
93	35	0	1.14331021	101324.934	101324.928	101324.926	101324.934	0.00820518952	0.00510744327	0	62.2	0	0	3
94	35	0	1.15560387	101324.935	101324.928	101324.926	101324.935	0.00882065884	0.00510744327	0	57.9	0	0	3
95	36	0	1.16789753	101324.935	101324.929	101324.926	101324.935	0.00904868699	0.00510744327	0	56.4	0	0	3
96	36	0	1.18019119	101324.935	101324.929	101324.926	101324.935	0.00928954035	0.00510744327	0	54.9	0	0	3
97	36	0	1.19248484	101324.936	101324.929	101324.926	101324.936	0.00980500029	0.00510744327	0	52	0	0	3
98	37	0	1.2047785	101324.937	101324.929	101324.926	101324.937	0.0103398596	0.00510744327	0	49.3	0	0	3
99	37	0	1.21707216	101324.937	101324.929	101324.926	101324.937	0.010659042	0.00510744327	0	47.9	0	0	3
100	38	0	1.22936582	101324.937	101324.93	101324.926	101324.937	0.010894057	0.00510744327	0	46.8	0	0	3
101	38	0	1.24165948	101324.937	101324.93	101324.926	101324.937	0.0110923201	0.00510744327	0	46	0	0	3
102	39	0	1.25395313	101324.937	101324.93	101324.926	101324.937	0.0112661818	0.00510744327	0	45.3	0	0	3
103	39	0	1.26624679	101324.938	101324.93	101324.926	101324.938	0.0113933465	0.00510744327	0	44.8	0	0	3
104	39	0	1.27854045	101324.938	101324.93	101324.926	101324.938	0.0115490527	0.00510744327	0	44.2	0	0	3
105	40	0	1.29083411	101324.938	101324.931	101324.926	101324.938	0.0117854676	0.00510744327	0	43.3	0	0	3
106	40	0	1.30312777	101324.938	101324.931	101324.926	101324.938	0.0120639294	0.00510744327	0	42.3	0	0	3
107	41	0	1.31542143	101324.939	101324.931	101324.926	101324.939	0.0123144491	0.00510744327	0	41.4	0	0	3
108	41	0	1.32771508	101324.939	101324.932	101324.926	101324.939	0.0124875555	0.00510744327	0	40.9	0	0	3
109	41	0	1.34000874	101324.939	101324.932	101324.926	101324.939	0.0126694141	0.00510744327	0	40.3	0	0	3
110	42	0	1.3523024	101324.939	101324.932	101324.926	101324.939	0.0120142467	0.00510744327	0	42.5	0	0	3
111	42	0	1.36459606	101324.939	101324.932	101324.926	101324.939	0.0112291609	0.00510744327	0	45.4	0	0	3
112	42	0	1.37688972	101324.939	101324.933	101324.926	101324.939	0.010631186	0.00510744327	0	48	0	0	3
113	43	0	1.38918337	101324.939	101324.933	101324.926	101324.939	0.0102129435	0.00510744327	0	50	0	0	3
114	43	0	1.40147703	101324.939	101324.933	101324.926	101324.939	0.00992516261	0.00510744327	0	51.4	0	0	3
115	43	0	1.41377069	101324.939	101324.934	101324.926	101324.939	0.00972789711	0.00510744327	0	52.5	0	0	3
116	44	0	1.42606435	101324.939	101324.934	101324.926	101324.939	0.00955161997	0.00510744327	0	53.4	0	0	3
117	44	0	1.43835801	101324.939	101324.934	101324.926	101324.939	0.00939112864	0.00510744327	0	54.3	0	0	3
118	44	0	1.45065167	101324.939	101324.935	101324.926	101324.939	0.00924066282	0.00510744327	0	55.2	0	0	3
119	45	0	1.46294532	101324.939	101324.935	101324.926	101324.939	0.0091622515	0.00510744327	0	55.7	0	0	3
120	45	0	1.47523898	101324.939	101324.935	101324.926	101324.939	0.00916446444	0.00510744327	0	55.7	0	0	3
121	45	0	1.48753264	101324.939	101324.935	101324.926	101324.939	0.00922465192	0.00510744327	0	55.3	0	0	3
122	46	0	1.4998263	101324.939	101324.936	101324.926	101324.939	0.009303628	0.00510744327	0	54.8	0	0	3
123	46	0	1.51211996	101324.939	101324.936	101324.927	101324.939	0.00938867973	0.00510744327	0	54.4	0	0	3
124	46	0	1.52441361	101324.939	101324.936	101324.927	101324.939	0.00949326457	0.00510744327	0	53.8	0	0	3
125	47	0	1.53670727	101324.939	101324.937	101324.928	101324.939	0.00961063767	0.00510744327	0	53.1	0	0	3
126	47	0	1.54900093	101324.939	101324.937	101324.929	101324.939	0.00971731634	0.00510744327	0	52.5	0	0	3
127	47	0	1.56129459	101324.939	101324.937	101324.929	101324.939	0.00980690653	0.00510744327	0	52	0	0	3
128	48	0	1.57358825	101324.939	101324.937	101324.93	101324.939	0.00901545929	0.00510744327	0	56.6	0	0	3
129	48	0	1.58588191	101324.94	101324.938	101324.931	101324.94	0.0083485646	0.00510744327	0	61.1	0	0	3
130	48	0	1.59817556	101324.94	101324.938	101324.932	101324.94	0.00767174081	0.00510744327	0	66.5	0	0	3
131	49	0	1.61046922	101324.94	101324.938	101324.933	101324.94	0.00662264533	0.00510744327	0	77.1	0	0	3
132	49	0	1.62276288	101324.94	101324.938	101324.934	101324.94	0.00595407592	0.00510744327	0	85.7	0	0	3
133	49	0	1.63505654	101324.94	101324.938	101324.934	101324.94	0.00543031115	0.00510744327	0	94	0	0	3
134	50	0	1.6473502	101324.94	101324.938	101324.935	101324.94	0.00488186505	0.00510744327	0	100	0	0	3
135	50	0	1.65964385	101324.94	101324.939	101324.935	101324.94	0.0048070762	0.00510744327	0	100	0	0	3
136	50	0	1.67193751	101324.94	101324.939	101324.935	101324.94	0.00456622284	0.00510744327	0	100	0	0	3
137	51	0	1.68423117	101324.94	101324.939	101324.936	101324.94	0.0040507629	0.00510744327	0	100	0	0	3
