Iteration	CPUTime	PhysTime	Travels	Value	AvValue	MinValue	MaxValue	Delta	Criteria	Progress	CriteriaType	CriteriaVarType	CriteriaPercentage
1	2	0	0.0122936582	293.200049	293.200049	293.200049	293.200049	0	0	0	0	0	0	3
2	2	0	0.0245873164	293.200063	293.200056	293.200049	293.200063	7.15259324e-06	0	0	0	0	0	3
3	3	0	0.0368809745	293.20007	293.200061	293.200049	293.20007	1.18812409e-05	0	0	0	0	0	3
4	3	0	0.0491746327	293.200076	293.200065	293.200049	293.200076	1.56903408e-05	0	0	0	0	0	3
5	3	0	0.0614682909	293.200081	293.200068	293.200049	293.200081	1.89494999e-05	0	0	0	0	0	3
6	4	0	0.0737619491	293.200089	293.200072	293.200049	293.200089	2.24987286e-05	0	0	0	0	0	3
7	4	0	0.0860556072	293.200098	293.200075	293.200049	293.200098	2.63153619e-05	0	0	0	0	0	3
8	4	0	0.0983492654	293.200107	293.200079	293.200049	293.200107	3.03040805e-05	0	0	0	0	0	3
9	5	0	0.110642924	293.200116	293.200083	293.200049	293.200116	3.43671338e-05	0	0	0	0	0	3
10	5	0	0.122936582	293.200124	293.200088	293.200049	293.200124	3.84660461e-05	0	0	0	0	0	3
11	6	0	0.13523024	293.200138	293.200092	293.200049	293.200138	4.30272582e-05	0	0	0	0	0	3
12	6	0	0.147523898	293.200151	293.200097	293.200049	293.200151	4.79281455e-05	0	0	0	0	0	3
13	6	0	0.159817556	293.200164	293.200102	293.200049	293.200164	5.30746099e-05	0	0	0	0	0	3
14	7	0	0.172111214	293.200177	293.200107	293.200049	293.200177	5.83934285e-05	0	0	0	0	0	3
15	7	0	0.184404873	293.200189	293.200113	293.200049	293.200189	6.38199592e-05	0	0	0	0	0	3
16	7	0	0.196698531	293.200207	293.200119	293.200049	293.200207	6.96985725e-05	0	0	0	0	0	3
17	8	0	0.208992189	293.200224	293.200125	293.200049	293.200224	7.58867703e-05	0	0	0	0	0	3
18	8	0	0.221285847	293.20024	293.200131	293.200049	293.20024	8.22637128e-05	0	0	0	0	0	3
19	8	0	0.233579505	293.200254	293.200138	293.200049	293.200254	8.874097e-05	0	0	0	0	0	3
20	9	0	0.245873164	293.200268	293.200144	293.200049	293.200268	9.52366072e-05	0	0	0	0	0	3
21	9	0	0.258166822	293.200286	293.200151	293.200049	293.200286	0.000101976285	0	0	0	0	0	3
22	9	0	0.27046048	293.200301	293.200158	293.200049	293.200301	0.00010880261	0	0	0	0	0	3
23	10	0	0.282754138	293.200314	293.200165	293.200049	293.200314	0.00011558084	0	0	0	0	0	3
24	10	0	0.295047796	293.200324	293.200171	293.200049	293.200324	0.000122210095	0	0	0	0	0	3
25	10	0	0.307341454	293.200331	293.200178	293.200049	293.200331	0.000128601166	0	0	0	0	0	3
26	11	0	0.319635113	293.200339	293.200184	293.200049	293.200339	0.000134802905	0	0	0	0	0	3
27	11	0	0.331928771	293.200344	293.20019	293.200049	293.200344	0.000140735762	0	0	0	0	0	3
28	12	0	0.344222429	293.200348	293.200195	293.200049	293.200348	0.000146373574	0	0	0	0	0	3
29	12	0	0.356516087	293.200349	293.200201	293.200049	293.200349	0.00015168039	0	0	0	0	0	3
30	12	0	0.368809745	293.20035	293.200206	293.200049	293.20035	0.000156644195	0	0	0	0	0	3
31	13	0	0.381103404	293.200344	293.20021	293.200049	293.20035	0.000161118063	0	0	0	0	0	3
32	13	0	0.393397062	293.200336	293.200214	293.200049	293.20035	0.000165053083	0	0	0	0	0	3
33	14	0	0.40569072	293.200325	293.200217	293.200049	293.20035	0.00016840496	0	0	0	0	0	3
34	14	0	0.417984378	293.200312	293.20022	293.200049	293.20035	0.000171196978	0	0	0	0	0	3
35	15	0	0.430278036	293.200299	293.200222	293.200049	293.20035	0.000173453348	0	0	0	0	0	3
36	15	0	0.442571694	293.200282	293.200224	293.200049	293.20035	0.000175103666	0	0	0	0	0	3
37	15	0	0.454865353	293.200267	293.200225	293.200049	293.20035	0.000176253885	0	0	0	0	0	3
38	16	0	0.467159011	293.200255	293.200226	293.200049	293.20035	0.000177048606	0	0	0	0	0	3
39	16	0	0.479452669	293.200246	293.200227	293.200049	293.20035	0.000177571369	0	0	0	0	0	3
40	16	0	0.491746327	293.200239	293.200227	293.200049	293.20035	0.000177878653	0	0	0	0	0	3
41	17	0	0.504039985	293.200229	293.200227	293.200049	293.20035	0.000177933915	0	0	0	0	0	3
42	17	0	0.516333643	293.200223	293.200231	293.200063	293.20035	0.000175029107	0	0	0	0	0	3
43	18	0	0.528627302	293.200219	293.200235	293.20007	293.20035	0.000174091119	0	0	0	0	0	3
44	18	0	0.54092096	293.200215	293.200239	293.200076	293.20035	0.000173800311	0	0	0	0	0	3
45	18	0	0.553214618	293.200211	293.200242	293.200081	293.20035	0.000173834212	0	0	0	0	0	3
46	19	0	0.565508276	293.200209	293.200245	293.200089	293.20035	0.000173395523	0	0	0	0	0	3
47	19	0	0.577801934	293.200207	293.200248	293.200098	293.20035	0.00017243898	0	0	0	0	0	3
48	19	0	0.590095593	293.200206	293.20025	293.200107	293.20035	0.000171075828	0	0	0	0	0	3
49	20	0	0.602389251	293.200205	293.200253	293.200116	293.20035	0.000169406872	0	0	0	0	0	3
50	20	0	0.614682909	293.200206	293.200255	293.200124	293.20035	0.000167494398	0	0	0	0	0	3
51	20	0	0.626976567	293.200206	293.200257	293.200138	293.20035	0.000164919567	0	0	0	0	0	3
52	21	0	0.639270225	293.200207	293.200259	293.200151	293.20035	0.000161703023	0	0	0	0	0	3
53	21	0	0.651563883	293.200208	293.20026	293.200164	293.20035	0.000157941385	0	0	0	0	0	3
54	21	0	0.663857542	293.200208	293.200261	293.200177	293.20035	0.000153705962	0	0	0	0	0	3
55	22	0	0.6761512	293.200209	293.200262	293.200189	293.20035	0.000149071643	0	0	0	0	0	3
56	22	0	0.688444858	293.20021	293.200262	293.200205	293.20035	0.000143714825	0	0	0	0	0	3
57	22	0	0.700738516	293.200212	293.200263	293.200205	293.20035	0.000137639381	0	0	0	0	0	3
58	23	0	0.713032174	293.200213	293.200262	293.200205	293.20035	0.000131262438	0	0	0	0	0	3
59	23	0	0.725325833	293.200214	293.200262	293.200205	293.20035	0.000124785181	0	0	0	0	0	3
60	24	0	0.737619491	293.200216	293.200261	293.200205	293.20035	0.000118289544	0	0	0	0	0	3
61	24	0	0.749913149	293.200218	293.20026	293.200205	293.20035	0.000111549866	0	0	0	0	0	3
62	24	0	0.762206807	293.20022	293.200258	293.200205	293.20035	0.000104723541	0	0	0	0	0	3
63	25	0	0.774500465	293.200222	293.200256	293.200205	293.20035	9.79453106e-05	0	0	0	0	0	3
64	25	0	0.786794123	293.200224	293.200254	293.200205	293.20035	9.13160555e-05	0	0	0	0	0	3
65	25	0	0.799087782	293.200225	293.200251	293.200205	293.20035	8.49249845e-05	0	0	0	0	0	3
66	26	0	0.81138144	293.200227	293.200249	293.200205	293.20035	7.87232458e-05	0	0	0	0	0	3
67	26	0	0.823675098	293.200228	293.200246	293.200205	293.20035	7.27903885e-05	0	0	0	0	0	3
68	26	0	0.835968756	293.20023	293.200243	293.200205	293.20035	6.71525771e-05	0	0	0	0	0	3
69	27	0	0.848262414	293.200232	293.200241	293.200205	293.20035	6.18457605e-05	0	0	0	0	0	3
70	27	0	0.860556072	293.200234	293.200238	293.200205	293.20035	5.68819561e-05	0	0	0	0	0	3
71	27	0	0.872849731	293.200235	293.200235	293.200205	293.200344	5.24080882e-05	0	0	0	0	0	3
72	28	0	0.885143389	293.200238	293.200232	293.200205	293.200336	4.84730677e-05	0	0	0	0	0	3
73	28	0	0.897437047	293.20024	293.20023	293.200205	293.200325	4.51211912e-05	0	0	0	0	0	3
74	28	0	0.909730705	293.200242	293.200228	293.200205	293.200312	4.23291727e-05	0	0	0	0	0	3
75	29	0	0.922024363	293.200244	293.200226	293.200205	293.200299	4.00728028e-05	0	0	0	0	0	3
76	29	0	0.934318022	293.200246	293.200225	293.200205	293.200282	3.84224849e-05	0	0	0	0	0	3
77	29	0	0.94661168	293.200248	293.200224	293.200205	293.200267	3.84208744e-05	0	0	0	0	0	3
78	30	0	0.958905338	293.20025	293.200224	293.200205	293.200255	3.88281401e-05	0	0	0	0	0	3
79	30	0	0.971198996	293.200252	293.200224	293.200205	293.200252	3.89084053e-05	0	0	0	0	0	3
80	30	0	0.983492654	293.200254	293.200224	293.200205	293.200254	3.89084053e-05	0	0	0	0	0	3
81	31	0	0.995786312	293.200256	293.200224	293.200205	293.200256	3.89084053e-05	0	0	0	0	0	3
82	31	0	1.00807997	293.200258	293.200225	293.200205	293.200258	3.89084053e-05	8.37767958e-06	0	21.5	0	0	3
83	31	0	1.02037363	293.200259	293.200226	293.200205	293.200259	3.89084053e-05	8.37767958e-06	0	21.5	0	0	3
84	32	0	1.03266729	293.20026	293.200227	293.200205	293.20026	3.89084053e-05	8.37767958e-06	0	21.5	0	0	3
85	32	0	1.04496095	293.200261	293.200228	293.200205	293.200261	3.89084053e-05	8.37767958e-06	0	21.5	0	0	3
86	33	0	1.0572546	293.200261	293.200229	293.200205	293.200261	3.89084053e-05	8.37767958e-06	0	21.5	0	0	3
87	33	0	1.06954826	293.200262	293.20023	293.200205	293.200262	3.89084053e-05	8.37767958e-06	0	21.5	0	0	3
88	33	0	1.08184192	293.200262	293.200232	293.200205	293.200262	3.89084053e-05	8.37767958e-06	0	21.5	0	0	3
89	34	0	1.09413558	293.200261	293.200233	293.200205	293.200262	3.89084053e-05	8.37767958e-06	0	21.5	0	0	3
90	34	0	1.10642924	293.200261	293.200235	293.200206	293.200262	3.89084053e-05	8.37767958e-06	0	21.5	0	0	3
91	34	0	1.11872289	293.20026	293.200236	293.200206	293.200262	3.89084053e-05	8.37767958e-06	0	21.5	0	0	3
92	35	0	1.13101655	293.200259	293.200237	293.200207	293.200262	3.89084053e-05	8.37767958e-06	0	21.5	0	0	3
93	35	0	1.14331021	293.200258	293.200238	293.200208	293.200262	3.89084053e-05	8.37767958e-06	0	21.5	0	0	3
94	35	0	1.15560387	293.200257	293.20024	293.200208	293.200262	3.89084053e-05	8.37767958e-06	0	21.5	0	0	3
95	36	0	1.16789753	293.200256	293.200241	293.200209	293.200262	3.89084053e-05	8.37767958e-06	0	21.5	0	0	3
96	36	0	1.18019119	293.200254	293.200242	293.20021	293.200262	3.89084053e-05	8.37767958e-06	0	21.5	0	0	3
97	36	0	1.19248484	293.200253	293.200243	293.200212	293.200262	3.89084053e-05	8.37767958e-06	0	21.5	0	0	3
98	37	0	1.2047785	293.200252	293.200244	293.200213	293.200262	3.86382298e-05	8.37767958e-06	0	21.6	0	0	3
99	37	0	1.21707216	293.200251	293.200245	293.200214	293.200262	3.8013668e-05	8.37767958e-06	0	22	0	0	3
100	38	0	1.22936582	293.20025	293.200246	293.200216	293.200262	3.70675451e-05	8.37767958e-06	0	22.6	0	0	3
101	38	0	1.24165948	293.200249	293.200247	293.200218	293.200262	3.58525572e-05	8.37767958e-06	0	23.3	0	0	3
102	39	0	1.25395313	293.200248	293.200247	293.20022	293.200262	3.42489664e-05	8.37767958e-06	0	24.4	0	0	3
103	39	0	1.26624679	293.200248	293.200248	293.200222	293.200262	3.23167364e-05	8.37767958e-06	0	25.9	0	0	3
104	39	0	1.27854045	293.200247	293.200249	293.200224	293.200262	3.01165455e-05	8.37767958e-06	0	27.8	0	0	3
105	40	0	1.29083411	293.200246	293.200249	293.200225	293.200262	2.77114303e-05	8.37767958e-06	0	30.2	0	0	3
106	40	0	1.30312777	293.200246	293.20025	293.200227	293.200262	2.59445209e-05	8.37767958e-06	0	32.2	0	0	3
107	41	0	1.31542143	293.200246	293.20025	293.200228	293.200262	2.64025825e-05	8.37767958e-06	0	31.7	0	0	3
108	41	0	1.32771508	293.200246	293.20025	293.20023	293.200262	2.68214437e-05	8.37767958e-06	0	31.2	0	0	3
109	41	0	1.34000874	293.200246	293.200251	293.200232	293.200262	2.72051777e-05	8.37767958e-06	0	30.7	0	0	3
110	42	0	1.3523024	293.200246	293.200251	293.200234	293.200262	2.7542979e-05	8.37767958e-06	0	30.4	0	0	3
111	42	0	1.36459606	293.200246	293.200251	293.200235	293.200262	2.63388337e-05	8.37767958e-06	0	31.8	0	0	3
112	42	0	1.37688972	293.200246	293.200252	293.200238	293.200262	2.40233591e-05	8.37767958e-06	0	34.8	0	0	3
113	43	0	1.38918337	293.200246	293.200252	293.20024	293.200262	2.21148349e-05	8.37767958e-06	0	37.8	0	0	3
114	43	0	1.40147703	293.200245	293.200252	293.200242	293.200262	1.99141818e-05	8.37767958e-06	0	42	0	0	3
115	43	0	1.41377069	293.200245	293.200252	293.200244	293.200262	1.79568337e-05	8.37767958e-06	0	46.6	0	0	3
116	44	0	1.42606435	293.200246	293.200252	293.200245	293.200262	1.62902394e-05	8.37767958e-06	0	51.4	0	0	3
117	44	0	1.43835801	293.200246	293.200252	293.200245	293.200262	1.62902394e-05	8.37767958e-06	0	51.4	0	0	3
118	44	0	1.45065167	293.200246	293.200252	293.200245	293.200262	1.62902394e-05	8.37767958e-06	0	51.4	0	0	3
119	45	0	1.46294532	293.200246	293.200252	293.200245	293.200262	1.62902394e-05	8.37767958e-06	0	51.4	0	0	3
120	45	0	1.47523898	293.200246	293.200252	293.200245	293.200262	1.62902394e-05	8.37767958e-06	0	51.4	0	0	3
121	45	0	1.48753264	293.200246	293.200252	293.200245	293.200262	1.62902394e-05	8.37767958e-06	0	51.4	0	0	3
122	46	0	1.4998263	293.200247	293.200251	293.200245	293.200262	1.62902394e-05	8.37767958e-06	0	51.4	0	0	3
123	46	0	1.51211996	293.200247	293.200251	293.200245	293.200262	1.62902394e-05	8.37767958e-06	0	51.4	0	0	3
124	46	0	1.52441361	293.200247	293.200251	293.200245	293.200262	1.62902394e-05	8.37767958e-06	0	51.4	0	0	3
125	47	0	1.53670727	293.200247	293.200251	293.200245	293.200262	1.62902394e-05	8.37767958e-06	0	51.4	0	0	3
126	47	0	1.54900093	293.200248	293.20025	293.200245	293.200262	1.62902394e-05	8.37767958e-06	0	51.4	0	0	3
127	47	0	1.56129459	293.200248	293.20025	293.200245	293.200262	1.62902394e-05	8.37767958e-06	0	51.4	0	0	3
128	48	0	1.57358825	293.200248	293.20025	293.200245	293.200262	1.62902394e-05	8.37767958e-06	0	51.4	0	0	3
129	48	0	1.58588191	293.200249	293.200249	293.200245	293.200261	1.59983103e-05	8.37767958e-06	0	52.3	0	0	3
130	48	0	1.59817556	293.200249	293.200249	293.200245	293.200261	1.53202231e-05	8.37767958e-06	0	54.6	0	0	3
131	49	0	1.61046922	293.20025	293.200249	293.200245	293.20026	1.48378567e-05	8.37767958e-06	0	56.4	0	0	3
132	49	0	1.62276288	293.20025	293.200249	293.200245	293.200259	1.39175051e-05	8.37767958e-06	0	60.1	0	0	3
133	49	0	1.63505654	293.20025	293.200248	293.200245	293.200258	1.29020636e-05	8.37767958e-06	0	64.9	0	0	3
134	50	0	1.6473502	293.200251	293.200248	293.200245	293.200257	1.15399006e-05	8.37767958e-06	0	72.5	0	0	3
135	50	0	1.65964385	293.200251	293.200248	293.200245	293.200256	1.01785463e-05	8.37767958e-06	0	82.3	0	0	3
136	50	0	1.67193751	293.200251	293.200248	293.200245	293.200254	8.58744949e-06	8.37767958e-06	0	97.5	0	0	3
137	51	0	1.68423117	293.200251	293.200248	293.200245	293.200253	7.47307519e-06	8.37767958e-06	0	100	0	0	3
