Iteration	CPUTime	PhysTime	Travels	Value	AvValue	MinValue	MaxValue	Delta	Criteria	Progress	CriteriaType	CriteriaVarType	CriteriaPercentage
1	2	0	0.0122936582	293.200049	293.200049	293.200049	293.200049	0	0	0	0	0	0	3
2	3	0	0.0245873164	293.200063	293.200056	293.200049	293.200063	7.15256198e-06	0	0	0	0	0	3
3	3	0	0.0368809745	293.20007	293.200061	293.200049	293.20007	1.18811588e-05	0	0	0	0	0	3
4	3	0	0.0491746327	293.200076	293.200065	293.200049	293.200076	1.56899734e-05	0	0	0	0	0	3
5	4	0	0.0614682909	293.200081	293.200068	293.200049	293.200081	1.89490502e-05	0	0	0	0	0	3
6	4	0	0.0737619491	293.200089	293.200072	293.200049	293.200089	2.2498042e-05	0	0	0	0	0	3
7	5	0	0.0860556072	293.200098	293.200075	293.200049	293.200098	2.63144132e-05	0	0	0	0	0	3
8	5	0	0.0983492654	293.200107	293.200079	293.200049	293.200107	3.03030444e-05	0	0	0	0	0	3
9	5	0	0.110642924	293.200116	293.200083	293.200049	293.200116	3.43658019e-05	0	0	0	0	0	3
10	6	0	0.122936582	293.200124	293.200088	293.200049	293.200124	3.84644962e-05	0	0	0	0	0	3
11	6	0	0.13523024	293.200138	293.200092	293.200049	293.200138	4.30260963e-05	0	0	0	0	0	3
12	6	0	0.147523898	293.200151	293.200097	293.200049	293.200151	4.79273806e-05	0	0	0	0	0	3
13	7	0	0.159817556	293.200164	293.200102	293.200049	293.200164	5.30744111e-05	0	0	0	0	0	3
14	7	0	0.172111214	293.200177	293.200107	293.200049	293.200177	5.83936084e-05	0	0	0	0	0	3
15	8	0	0.184404873	293.200189	293.200113	293.200049	293.200189	6.38204996e-05	0	0	0	0	0	3
16	8	0	0.196698531	293.200207	293.200119	293.200049	293.200207	6.96997969e-05	0	0	0	0	0	3
17	8	0	0.208992189	293.200224	293.200125	293.200049	293.200224	7.58889091e-05	0	0	0	0	0	3
18	9	0	0.221285847	293.20024	293.200131	293.200049	293.20024	8.22690919e-05	0	0	0	0	0	3
19	9	0	0.233579505	293.200254	293.200138	293.200049	293.200254	8.87474056e-05	0	0	0	0	0	3
20	10	0	0.245873164	293.200268	293.200144	293.200049	293.200268	9.52444491e-05	0	0	0	0	0	3
21	10	0	0.258166822	293.200286	293.200151	293.200049	293.200286	0.00010198616	0	0	0	0	0	3
22	10	0	0.27046048	293.200301	293.200158	293.200049	293.200301	0.000108812654	0	0	0	0	0	3
23	11	0	0.282754138	293.200314	293.200165	293.200049	293.200314	0.000115593248	0	0	0	0	0	3
24	11	0	0.295047796	293.200324	293.200171	293.200049	293.200324	0.000122224594	0	0	0	0	0	3
25	12	0	0.307341454	293.200331	293.200178	293.200049	293.200331	0.000128620085	0	0	0	0	0	3
26	12	0	0.319635113	293.200339	293.200184	293.200049	293.200339	0.000134827768	0	0	0	0	0	3
27	12	0	0.331928771	293.200344	293.20019	293.200049	293.200344	0.000140762171	0	0	0	0	0	3
28	13	0	0.344222429	293.200348	293.200195	293.200049	293.200348	0.000146400039	0	0	0	0	0	3
29	13	0	0.356516087	293.200349	293.200201	293.200049	293.200349	0.000151703767	0	0	0	0	0	3
30	13	0	0.368809745	293.20035	293.200206	293.200049	293.20035	0.000156666299	0	0	0	0	0	3
31	14	0	0.381103404	293.200344	293.20021	293.200049	293.20035	0.000161138619	0	0	0	0	0	3
32	14	0	0.393397062	293.200336	293.200214	293.200049	293.20035	0.000165065998	0	0	0	0	0	3
33	15	0	0.40569072	293.200324	293.200217	293.200049	293.20035	0.000168402545	0	0	0	0	0	3
34	15	0	0.417984378	293.200312	293.20022	293.200049	293.20035	0.000171179479	0	0	0	0	0	3
35	16	0	0.430278036	293.200299	293.200222	293.200049	293.20035	0.000173425713	0	0	0	0	0	3
36	16	0	0.442571694	293.200282	293.200224	293.200049	293.20035	0.000175076817	0	0	0	0	0	3
37	16	0	0.454865353	293.200267	293.200225	293.200049	293.20035	0.000176228822	0	0	0	0	0	3
38	17	0	0.467159011	293.200255	293.200226	293.200049	293.20035	0.000177010567	0	0	0	0	0	3
39	17	0	0.479452669	293.200246	293.200227	293.200049	293.20035	0.000177516978	0	0	0	0	0	3
40	18	0	0.491746327	293.200238	293.200227	293.200049	293.20035	0.00017780994	0	0	0	0	0	3
41	18	0	0.504039985	293.200229	293.200227	293.200049	293.20035	0.00017786087	0	0	0	0	0	3
42	18	0	0.516333643	293.200222	293.200231	293.200063	293.20035	0.0001749369	0	0	0	0	0	3
43	19	0	0.528627302	293.200218	293.200235	293.20007	293.20035	0.000173976965	0	0	0	0	0	3
44	19	0	0.54092096	293.200215	293.200238	293.200076	293.20035	0.000173687794	0	0	0	0	0	3
45	19	0	0.553214618	293.200212	293.200242	293.200081	293.20035	0.000173733916	0	0	0	0	0	3
46	20	0	0.565508276	293.200209	293.200245	293.200089	293.20035	0.000173302767	0	0	0	0	0	3
47	20	0	0.577801934	293.200207	293.200248	293.200098	293.20035	0.000172354678	0	0	0	0	0	3
48	21	0	0.590095593	293.200206	293.20025	293.200107	293.20035	0.000170991268	0	0	0	0	0	3
49	21	0	0.602389251	293.200206	293.200253	293.200116	293.20035	0.000169326071	0	0	0	0	0	3
50	21	0	0.614682909	293.200205	293.200255	293.200124	293.20035	0.000167409356	0	0	0	0	0	3
51	22	0	0.626976567	293.200205	293.200257	293.200138	293.20035	0.000164819364	0	0	0	0	0	3
52	22	0	0.639270225	293.200206	293.200259	293.200151	293.20035	0.000161580538	0	0	0	0	0	3
53	22	0	0.651563883	293.200206	293.20026	293.200164	293.20035	0.000157789024	0	0	0	0	0	3
54	23	0	0.663857542	293.200207	293.200261	293.200177	293.20035	0.000153527279	0	0	0	0	0	3
55	23	0	0.6761512	293.200208	293.200262	293.200189	293.20035	0.000148866167	0	0	0	0	0	3
56	23	0	0.688444858	293.200209	293.200262	293.200205	293.20035	0.000143482423	0	0	0	0	0	3
57	24	0	0.700738516	293.20021	293.200262	293.200205	293.20035	0.000137373108	0	0	0	0	0	3
58	24	0	0.713032174	293.200212	293.200262	293.200205	293.20035	0.000130992925	0	0	0	0	0	3
59	24	0	0.725325833	293.200213	293.200261	293.200205	293.20035	0.000124514611	0	0	0	0	0	3
60	25	0	0.737619491	293.200215	293.20026	293.200205	293.20035	0.000118017568	0	0	0	0	0	3
61	25	0	0.749913149	293.200216	293.200259	293.200205	293.20035	0.000111275857	0	0	0	0	0	3
62	25	0	0.762206807	293.200219	293.200257	293.200205	293.20035	0.000104449363	0	0	0	0	0	3
63	26	0	0.774500465	293.200221	293.200256	293.200205	293.20035	9.76687693e-05	0	0	0	0	0	3
64	26	0	0.786794123	293.200223	293.200253	293.200205	293.20035	9.10374234e-05	0	0	0	0	0	3
65	27	0	0.799087782	293.200225	293.200251	293.200205	293.20035	8.46419325e-05	0	0	0	0	0	3
66	27	0	0.81138144	293.200227	293.200248	293.200205	293.20035	7.84342491e-05	0	0	0	0	0	3
67	27	0	0.823675098	293.200229	293.200246	293.200205	293.20035	7.24998459e-05	0	0	0	0	0	3
68	28	0	0.835968756	293.200231	293.200243	293.200205	293.20035	6.68619781e-05	0	0	0	0	0	3
69	28	0	0.848262414	293.200234	293.20024	293.200205	293.20035	6.15582505e-05	0	0	0	0	0	3
70	28	0	0.860556072	293.200238	293.200237	293.200205	293.20035	5.65957178e-05	0	0	0	0	0	3
71	29	0	0.872849731	293.200241	293.200235	293.200205	293.200344	5.21233981e-05	0	0	0	0	0	3
72	29	0	0.885143389	293.200244	293.200232	293.200205	293.200336	4.81960192e-05	0	0	0	0	0	3
73	30	0	0.897437047	293.200246	293.20023	293.200205	293.200324	4.48594718e-05	0	0	0	0	0	3
74	30	0	0.909730705	293.200249	293.200228	293.200205	293.200312	4.20825376e-05	0	0	0	0	0	3
75	30	0	0.922024363	293.200252	293.200227	293.200205	293.200299	3.98363041e-05	0	0	0	0	0	3
76	31	0	0.934318022	293.200255	293.200226	293.200205	293.200282	3.81851997e-05	0	0	0	0	0	3
77	31	0	0.94661168	293.200257	293.200225	293.200205	293.200267	3.71307099e-05	0	0	0	0	0	3
78	31	0	0.958905338	293.200259	293.200225	293.200205	293.200259	3.73242833e-05	0	0	0	0	0	3
79	32	0	0.971198996	293.200261	293.200225	293.200205	293.200261	3.73242833e-05	0	0	0	0	0	3
80	32	0	0.983492654	293.200262	293.200225	293.200205	293.200262	3.73242833e-05	0	0	0	0	0	3
81	32	0	0.995786312	293.200262	293.200226	293.200205	293.200262	3.73242833e-05	0	0	0	0	0	3
82	33	0	1.00807997	293.200263	293.200227	293.200205	293.200263	3.73242833e-05	8.37724195e-06	0	22.4	0	0	3
83	33	0	1.02037363	293.200263	293.200228	293.200205	293.200263	3.73242833e-05	8.37724195e-06	0	22.4	0	0	3
84	34	0	1.03266729	293.200263	293.200229	293.200205	293.200263	3.73242833e-05	8.37724195e-06	0	22.4	0	0	3
85	34	0	1.04496095	293.200262	293.20023	293.200205	293.200263	3.73242833e-05	8.37724195e-06	0	22.4	0	0	3
86	34	0	1.0572546	293.200261	293.200231	293.200205	293.200263	3.73242833e-05	8.37724195e-06	0	22.4	0	0	3
87	35	0	1.06954826	293.20026	293.200233	293.200205	293.200263	3.73242833e-05	8.37724195e-06	0	22.4	0	0	3
88	35	0	1.08184192	293.200259	293.200234	293.200205	293.200263	3.73242833e-05	8.37724195e-06	0	22.4	0	0	3
89	36	0	1.09413558	293.200258	293.200235	293.200205	293.200263	3.73242833e-05	8.37724195e-06	0	22.4	0	0	3
90	36	0	1.10642924	293.200257	293.200236	293.200205	293.200263	3.73242833e-05	8.37724195e-06	0	22.4	0	0	3
91	36	0	1.11872289	293.200255	293.200238	293.200205	293.200263	3.73242833e-05	8.37724195e-06	0	22.4	0	0	3
92	37	0	1.13101655	293.200254	293.200239	293.200206	293.200263	3.73242833e-05	8.37724195e-06	0	22.4	0	0	3
93	37	0	1.14331021	293.200253	293.20024	293.200206	293.200263	3.73242833e-05	8.37724195e-06	0	22.4	0	0	3
94	38	0	1.15560387	293.200252	293.200241	293.200207	293.200263	3.73242833e-05	8.37724195e-06	0	22.4	0	0	3
95	38	0	1.16789753	293.200251	293.200242	293.200208	293.200263	3.73242833e-05	8.37724195e-06	0	22.4	0	0	3
96	38	0	1.18019119	293.200251	293.200243	293.200209	293.200263	3.73242833e-05	8.37724195e-06	0	22.4	0	0	3
97	39	0	1.19248484	293.20025	293.200244	293.20021	293.200263	3.73242833e-05	8.37724195e-06	0	22.4	0	0	3
98	39	0	1.2047785	293.20025	293.200245	293.200212	293.200263	3.70240903e-05	8.37724195e-06	0	22.6	0	0	3
99	40	0	1.21707216	293.200249	293.200246	293.200213	293.200263	3.63760405e-05	8.37724195e-06	0	23	0	0	3
100	40	0	1.22936582	293.200249	293.200247	293.200215	293.200263	3.54042822e-05	8.37724195e-06	0	23.6	0	0	3
101	41	0	1.24165948	293.200249	293.200248	293.200216	293.200263	3.41482468e-05	8.37724195e-06	0	24.5	0	0	3
102	41	0	1.25395313	293.200249	293.200249	293.200219	293.200263	3.25095339e-05	8.37724195e-06	0	25.7	0	0	3
103	42	0	1.26624679	293.200249	293.200249	293.200221	293.200263	3.05534314e-05	8.37724195e-06	0	27.4	0	0	3
104	42	0	1.27854045	293.200249	293.20025	293.200223	293.200263	2.83347462e-05	8.37724195e-06	0	29.5	0	0	3
105	42	0	1.29083411	293.20025	293.200251	293.200225	293.200263	2.59184992e-05	8.37724195e-06	0	32.3	0	0	3
106	43	0	1.30312777	293.20025	293.200251	293.200227	293.200263	2.63425387e-05	8.37724195e-06	0	31.8	0	0	3
107	43	0	1.31542143	293.20025	293.200252	293.200229	293.200263	2.69088385e-05	8.37724195e-06	0	31.1	0	0	3
108	44	0	1.32771508	293.20025	293.200252	293.200231	293.200263	2.74192867e-05	8.37724195e-06	0	30.5	0	0	3
109	44	0	1.34000874	293.20025	293.200253	293.200234	293.200263	2.78744495e-05	8.37724195e-06	0	30	0	0	3
110	44	0	1.3523024	293.20025	293.200253	293.200238	293.200263	2.5113479e-05	8.37724195e-06	0	33.3	0	0	3
111	45	0	1.36459606	293.20025	293.200254	293.200241	293.200263	2.18691769e-05	8.37724195e-06	0	38.3	0	0	3
112	45	0	1.37688972	293.20025	293.200254	293.200244	293.200263	1.89776653e-05	8.37724195e-06	0	44.1	0	0	3
113	45	0	1.38918337	293.20025	293.200254	293.200246	293.200263	1.64619611e-05	8.37724195e-06	0	50.8	0	0	3
114	46	0	1.40147703	293.200249	293.200254	293.200249	293.200263	1.35259047e-05	8.37724195e-06	0	61.9	0	0	3
115	46	0	1.41377069	293.200249	293.200254	293.200249	293.200263	1.35163109e-05	8.37724195e-06	0	61.9	0	0	3
116	46	0	1.42606435	293.200249	293.200254	293.200249	293.200263	1.35203298e-05	8.37724195e-06	0	61.9	0	0	3
117	47	0	1.43835801	293.200249	293.200254	293.200249	293.200263	1.36894601e-05	8.37724195e-06	0	61.1	0	0	3
118	47	0	1.45065167	293.200249	293.200254	293.200249	293.200263	1.38861131e-05	8.37724195e-06	0	60.3	0	0	3
119	47	0	1.46294532	293.200249	293.200253	293.200249	293.200263	1.38861131e-05	8.37724195e-06	0	60.3	0	0	3
120	48	0	1.47523898	293.200249	293.200253	293.200249	293.200263	1.38861131e-05	8.37724195e-06	0	60.3	0	0	3
121	48	0	1.48753264	293.200249	293.200253	293.200249	293.200263	1.38861131e-05	8.37724195e-06	0	60.3	0	0	3
122	48	0	1.4998263	293.200249	293.200252	293.200249	293.200263	1.38861131e-05	8.37724195e-06	0	60.3	0	0	3
123	49	0	1.51211996	293.200249	293.200252	293.200249	293.200263	1.38861131e-05	8.37724195e-06	0	60.3	0	0	3
124	49	0	1.52441361	293.200249	293.200252	293.200249	293.200263	1.37648789e-05	8.37724195e-06	0	60.8	0	0	3
125	50	0	1.53670727	293.200249	293.200251	293.200249	293.200262	1.33384274e-05	8.37724195e-06	0	62.8	0	0	3
126	50	0	1.54900093	293.20025	293.200251	293.200249	293.200261	1.23157458e-05	8.37724195e-06	0	68	0	0	3
127	50	0	1.56129459	293.20025	293.200251	293.200249	293.20026	1.12467424e-05	8.37724195e-06	0	74.4	0	0	3
128	51	0	1.57358825	293.20025	293.200251	293.200249	293.200259	1.03485888e-05	8.37724195e-06	0	80.9	0	0	3
129	51	0	1.58588191	293.20025	293.20025	293.200249	293.200258	9.3985721e-06	8.37724195e-06	0	89.1	0	0	3
130	51	0	1.59817556	293.20025	293.20025	293.200249	293.200257	8.03331574e-06	8.37724195e-06	0	100	0	0	3
131	52	0	1.61046922	293.20025	293.20025	293.200249	293.200255	6.60717723e-06	8.37724195e-06	0	100	0	0	3
132	52	0	1.62276288	293.20025	293.20025	293.200249	293.200254	5.21194232e-06	8.37724195e-06	0	100	0	0	3
133	52	0	1.63505654	293.200251	293.20025	293.200249	293.200253	3.99175178e-06	8.37724195e-06	0	100	0	0	3
